0.1 0.0009594
0.2 0.001895
0.3 0.002795
0.4 0.003654
0.5 0.004478
0.6 0.00527
0.7 0.006036
0.8 0.006782
0.9 0.007511
1 0.008227
1.1 0.008933
1.2 0.009633
1.3 0.01033
1.4 0.01102
1.5 0.01171
1.6 0.0124
1.7 0.0131
1.8 0.0138
1.9 0.01451
2 0.01523
2.1 0.01595
2.2 0.0167
2.3 0.01745
2.4 0.01823
2.5 0.01902
2.6 0.01984
2.7 0.02069
2.8 0.02156
2.9 0.02247
3 0.02341
3.1 0.02438
3.2 0.0254
3.3 0.02646
3.4 0.02756
3.5 0.02871
3.6 0.0299
3.7 0.03114
3.8 0.03243
3.9 0.03376
4 0.03514
4.1 0.03658
4.2 0.03806
4.3 0.03959
4.4 0.04118
4.5 0.04281
4.6 0.0445
4.7 0.04624
4.8 0.04803
4.9 0.04987
5 0.05175
5.1 0.05369
5.2 0.05567
5.3 0.0577
5.4 0.05978
5.5 0.0619
5.6 0.06405
5.7 0.06625
5.8 0.06847
5.9 0.07072
6 0.073
6.1 0.07528
6.2 0.07758
6.3 0.07988
6.4 0.08218
6.5 0.08447
6.6 0.08676
6.7 0.08905
6.8 0.09133
6.9 0.0936
7 0.09586
7.1 0.09811
7.2 0.1004
7.3 0.1026
7.4 0.1048
7.5 0.1071
7.6 0.1093
7.7 0.1115
7.8 0.1138
7.9 0.116
8 0.1182
8.1 0.1204
8.2 0.1227
8.3 0.1249
8.4 0.1271
8.5 0.1293
8.6 0.1315
8.7 0.1338
8.8 0.136
8.9 0.1382
9 0.1404
9.1 0.1427
9.2 0.1449
9.3 0.1471
9.4 0.1494
9.5 0.1516
9.6 0.1538
9.7 0.1561
9.8 0.1583
9.9 0.1606
10 0.1628
10.1 0.1651
10.2 0.1674
10.3 0.1696
10.4 0.1719
10.5 0.1742
10.6 0.1765
10.7 0.1788
10.8 0.1811
10.9 0.1834
11 0.1857
11.1 0.188
11.2 0.1903
11.3 0.1926
11.4 0.195
11.5 0.1973
11.6 0.1996
11.7 0.202
11.8 0.2043
11.9 0.2067
12 0.2091
12.1 0.2114
12.2 0.2138
12.3 0.2162
12.4 0.2186
12.5 0.221
12.6 0.2234
12.7 0.2258
12.8 0.2283
12.9 0.2307
13 0.2331
13.1 0.2356
13.2 0.238
13.3 0.2405
13.4 0.243
13.5 0.2454
13.6 0.2479
13.7 0.2504
13.8 0.2529
13.9 0.2554
14 0.258
14.1 0.2605
14.2 0.263
14.3 0.2655
14.4 0.2681
14.5 0.2707
14.6 0.2732
14.7 0.2758
14.8 0.2784
14.9 0.2809
15 0.2835
15.1 0.2861
15.2 0.2887
15.3 0.2914
15.4 0.294
15.5 0.2966
15.6 0.2992
15.7 0.3019
15.8 0.3045
15.9 0.3072
16 0.3099
16.1 0.3125
16.2 0.3152
16.3 0.3179
16.4 0.3206
16.5 0.3233
16.6 0.326
16.7 0.3287
16.8 0.3314
16.9 0.3341
17 0.3368
17.1 0.3396
17.2 0.3423
17.3 0.345
17.4 0.3478
17.5 0.3505
17.6 0.3533
17.7 0.356
17.8 0.3588
17.9 0.3616
18 0.3644
18.1 0.3672
18.2 0.3699
18.3 0.3727
18.4 0.3755
18.5 0.3783
18.6 0.3811
18.7 0.384
18.8 0.3868
18.9 0.3896
19 0.3924
19.1 0.3952
19.2 0.3981
19.3 0.4009
19.4 0.4038
19.5 0.4066
19.6 0.4095
19.7 0.4123
19.8 0.4152
19.9 0.4181
20 0.4209
20.1 0.4238
20.2 0.4267
20.3 0.4296
20.4 0.4325
20.5 0.4354
20.6 0.4383
20.7 0.4412
20.8 0.4441
20.9 0.447
21 0.4499
21.1 0.4528
21.2 0.4558
21.3 0.4587
21.4 0.4616
21.5 0.4646
21.6 0.4675
21.7 0.4705
21.8 0.4734
21.9 0.4764
22 0.4793
22.1 0.4823
22.2 0.4853
22.3 0.4882
22.4 0.4912
22.5 0.4942
22.6 0.4972
22.7 0.5002
22.8 0.5032
22.9 0.5061
23 0.5091
23.1 0.5121
23.2 0.5152
23.3 0.5182
23.4 0.5212
23.5 0.5242
23.6 0.5272
23.7 0.5302
23.8 0.5333
23.9 0.5363
24 0.5393
24.1 0.5423
24.2 0.5454
24.3 0.5484
24.4 0.5515
24.5 0.5545
24.6 0.5575
24.7 0.5606
24.8 0.5636
24.9 0.5667
25 0.5697
25.1 0.5728
25.2 0.5759
25.3 0.5789
25.4 0.582
25.5 0.585
25.6 0.5881
25.7 0.5912
25.8 0.5942
25.9 0.5973
26 0.6004
26.1 0.6035
26.2 0.6065
26.3 0.6096
26.4 0.6127
26.5 0.6157
26.6 0.6188
26.7 0.6219
26.8 0.625
26.9 0.6281
27 0.6311
27.1 0.6342
27.2 0.6373
27.3 0.6404
27.4 0.6435
27.5 0.6465
27.6 0.6496
27.7 0.6527
27.8 0.6558
27.9 0.6589
28 0.6619
28.1 0.665
28.2 0.6681
28.3 0.6712
28.4 0.6743
28.5 0.6774
28.6 0.6804
28.7 0.6835
28.8 0.6866
28.9 0.6897
29 0.6928
29.1 0.6958
29.2 0.6989
29.3 0.702
29.4 0.7051
29.5 0.7082
29.6 0.7112
29.7 0.7143
29.8 0.7174
29.9 0.7205
30 0.7235
30.1 0.7266
30.2 0.7297
30.3 0.7328
30.4 0.7358
30.5 0.7389
30.6 0.742
30.7 0.7451
30.8 0.7481
30.9 0.7512
31 0.7543
31.1 0.7574
31.2 0.7604
31.3 0.7635
31.4 0.7666
31.5 0.7696
31.6 0.7727
31.7 0.7758
31.8 0.7788
31.9 0.7819
32 0.785
32.1 0.788
32.2 0.7911
32.3 0.7942
32.4 0.7972
32.5 0.8003
32.6 0.8034
32.7 0.8064
32.8 0.8095
32.9 0.8126
33 0.8156
33.1 0.8187
33.2 0.8217
33.3 0.8248
33.4 0.8279
33.5 0.8309
33.6 0.834
33.7 0.8371
33.8 0.8401
33.9 0.8432
34 0.8462
34.1 0.8493
34.2 0.8524
34.3 0.8554
34.4 0.8585
34.5 0.8615
34.6 0.8646
34.7 0.8676
34.8 0.8707
34.9 0.8738
35 0.8768
35.1 0.8799
35.2 0.8829
35.3 0.886
35.4 0.8891
35.5 0.8921
35.6 0.8952
35.7 0.8982
35.8 0.9013
35.9 0.9044
36 0.9074
36.1 0.9105
36.2 0.9135
36.3 0.9166
36.4 0.9197
36.5 0.9227
36.6 0.9258
36.7 0.9289
36.8 0.9319
36.9 0.935
37 0.938
37.1 0.9411
37.2 0.9442
37.3 0.9472
37.4 0.9503
37.5 0.9534
37.6 0.9564
37.7 0.9595
37.8 0.9626
37.9 0.9656
38 0.9687
38.1 0.9718
38.2 0.9749
38.3 0.9779
38.4 0.981
38.5 0.9841
38.6 0.9871
38.7 0.9902
38.8 0.9933
38.9 0.9964
39 0.9995
39.1 1.003
39.2 1.006
39.3 1.009
39.4 1.012
39.5 1.015
39.6 1.018
39.7 1.021
39.8 1.024
39.9 1.027
40 1.03
40.1 1.033
40.2 1.036
40.3 1.04
40.4 1.043
40.5 1.046
40.6 1.049
40.7 1.052
40.8 1.055
40.9 1.058
41 1.061
41.1 1.064
41.2 1.068
41.3 1.071
41.4 1.074
41.5 1.077
41.6 1.08
41.7 1.083
41.8 1.086
41.9 1.089
42 1.092
42.1 1.096
42.2 1.099
42.3 1.102
42.4 1.105
42.5 1.108
42.6 1.111
42.7 1.114
42.8 1.117
42.9 1.121
43 1.124
43.1 1.127
43.2 1.13
43.3 1.133
43.4 1.136
43.5 1.139
43.6 1.143
43.7 1.146
43.8 1.149
43.9 1.152
44 1.155
44.1 1.158
44.2 1.162
44.3 1.165
44.4 1.168
44.5 1.171
44.6 1.174
44.7 1.177
44.8 1.181
44.9 1.184
45 1.187
45.1 1.19
45.2 1.193
45.3 1.197
45.4 1.2
45.5 1.203
45.6 1.206
45.7 1.209
45.8 1.213
45.9 1.216
46 1.219
46.1 1.222
46.2 1.225
46.3 1.229
46.4 1.232
46.5 1.235
46.6 1.238
46.7 1.242
46.8 1.245
46.9 1.248
47 1.251
47.1 1.255
47.2 1.258
47.3 1.261
47.4 1.264
47.5 1.268
47.6 1.271
47.7 1.274
47.8 1.277
47.9 1.281
48 1.284
48.1 1.287
48.2 1.29
48.3 1.294
48.4 1.297
48.5 1.3
48.6 1.304
48.7 1.307
48.8 1.31
48.9 1.313
49 1.317
49.1 1.32
49.2 1.323
49.3 1.327
49.4 1.33
49.5 1.333
49.6 1.337
49.7 1.34
49.8 1.343
49.9 1.346
50 1.35
